12.052072600451613
6.3318330245926635
13.57193905828474
8.683313160093393
10.74236065406372
7.424110891368247
8.210188727031916
2.8764014043288624
9.892162131063532
7.660033173358093
10.248525143272875
8.134672753976515
9.221450069726371
5.013627525271881
6.315984292020634
11.406939875106609
4.586841776953246
7.773548663747408
8.319026399155707
10.633281765799476
3.244222391232345
12.092189121732268
4.630515748415413
8.58640741201825
10.202663553455183
5.382256007445093
3.9391973386603434
6.510085853071833
5.968386549222529
12.771674365377876
8.107448990053518
13.047881229759932
5.076256715052709
3.6888927439183847
7.58757366733477
5.034135646894068
9.595525012018612
8.396574143592371
5.994295794510778
9.38482403664142
8.699758869516003
4.574556156395401
8.541588890992958
4.6607134332819
10.805197243561743
9.362176669844382
6.316356893428754
5.621798207903661
11.948614729328066
4.656344846639183
5.799649138665884
-0.3405507300921009
3.0222842284758844
9.235846713070977
6.612169277948011
14.56957013710071
4.511584191222984
10.02595384124855
11.79114078273442
12.085008947672987
7.92373653872724
9.528323283102608
8.561508351001693
9.200286577917115
7.414526051921989
3.721790835161676
6.788679477891506
8.69391774523885
8.05493713974702
7.2668395693831025
10.254026642182103
8.438526456809736
6.538358277213052
13.049221900245582
11.405862058920295
4.939890602498241
7.4605360013944875
6.022583486476687
8.740378827295423
6.289289027847963
9.044935169088749
4.0072169629717065
10.077174726933498
10.015269654768563
9.119865422575412
9.267855883631775
-1.107029808106681
-0.598925640440946
6.4002394551131445
8.068017135816053
9.069820172791289
6.190724038803771
8.690915946983843
4.768192785518899
4.456591519465104
4.349482925023924
11.502258662387497
14.390964879418714
8.59801142196308
8.191703405531273
6.596921766524395
3.2441052274090154
13.393547515568782
7.920551693119946
9.451229043298344
4.773287700525119
7.2386977856520165
5.25483184971593
9.031319556126725
7.032249042197487
12.75377333360073
11.452967945147705
7.365771940247519
10.59333253627149
13.35178502331543
7.289402464298524
8.249781433175563
7.4778784950480075
10.086453062210827
4.44668776067428
4.84660921735294
10.582221420401943
10.642673980126379
10.952163520143749
9.780471079919497
13.6866373614338
11.455143292519452
4.977816413902069
8.223028696092019
2.2220447666977554
11.441058742191073
6.668914291094634
8.008627001904928
8.547267623160577
4.05298404294357
10.826522565060992
7.479886501225953
10.082125257417065
8.45061103409753
10.711076762335848
11.119907664296184
-3.469107641601582
11.434682220862705
9.740902306190392
9.835449239747076
3.3947530576568195
10.18523212864521
10.494589021891189
6.559498073658522
9.977972821102108
11.382766033946176
8.628520219242198
3.8090505790802816
8.91266312818686
10.496671647281499
2.7270598134023256
12.739636088228265
9.13125423839688
7.900972031948174
7.176496584880878
8.898589363760026
6.660315923600503
7.466551883156889
9.144779210121325
8.342410728214897
6.267757907706305
5.510593436911105
7.120630078461816
9.565086043694986
14.368594194301172
5.301984068299658
7.99629932374805
10.664275824584028
8.438852222538168
6.370855222713187
14.516566214873599
7.279834050663668
10.100493488119376
2.9917386676346407
6.398263053916574
5.056982867065462
14.856651957355055
11.024988024017631
5.53135773274004
4.103420854728032
4.816671379817221
8.960875848518743
9.054691789483334
11.73508233534879
7.611250613176981
7.389360965769202
7.719232309913189
8.260629561466777
9.01869492798463
5.671346241423844
3.7028443834980926
5.09133094115095
9.86882121427685
8.259379051163437
10.864493649550536
